1
19  3  1  OUTCAR_1   0.365208291097
    8.225527000     0.000000000     0.000000000
   -0.000000000     3.332790000     0.000000000
    4.572551000     0.000000000     4.809237000
  229.352020    -0.000270  -119.910147    18.687372     0.000203   300.305326
Li       6.643755000     1.666395000     0.261406000     1.133160000     0.000000000     0.538017000
Li       4.768542000     1.666395000     2.001480000    -0.808663000     0.000001000    -0.149466000
Y       9.385742000     1.666395000     4.109140000    -3.041824000    -0.000001000    -1.556791000
H       2.293704000     2.841021000     1.171595000     0.943216000    -0.380249000    -0.467999000
H       2.293706000     0.491779000     1.171595000     0.943189000     0.380261000    -0.468049000
H       7.711164000     0.778057000     1.452226000    -0.957892000    -2.594290000     0.258284000
H       7.711164000     2.554733000     1.452226000    -0.957893000     2.594289000     0.258283000
H       6.802837000     1.666395000     3.257885000    11.837036000    -0.000000000     7.966817000
H       7.633796000     1.666395000     2.356511000     2.674277000     0.000000000     0.092705000
H       6.293744000     1.666395000     3.658797000    -9.846941000    -0.000000000    11.248549000
H       0.895218000     1.666395000     0.428283000     1.391085000     0.000002000     0.010065000
H       7.949346000     1.666395000     1.434771000    -0.198352000     0.000000000     1.202198000
H       2.512807000     1.666394000     0.367947000    -0.767285000    -0.000039000     0.307372000
H       8.480558000     1.666395000     0.695840000     2.542208000    -0.000001000    -4.539976000
H       6.607188000     1.666395000     2.750115000    -4.977477000     0.000000000   -16.768633000
H       7.093793000     0.000000000     4.464966000     0.223968000     0.000004000     1.069303000
H       6.579691000     3.332790000     2.395367000     0.523029000    -0.000000000     0.188432000
H       1.676504000     3.332790000     0.842640000    -0.663950000     0.000022000    -0.421786000
H       8.362387000     3.332790000     0.158792000     0.009108000     0.000001000     1.232675000
  -69.738620	ENE	   -3.670454
