3
1  -1.0
3  1.0
39  4.0
26
1 1.0 6.0                  
1 0.5 6.0                  
1 0.1 6.0                  
1 0.05 6.0                 
1 0.01 6.0                 
1 0.005 6.0                
1 0.001 6.0                
2 0.01 6.0                 
2 0.01 2.0                 
2 0.01 1.5                 
2 0.01 5.0                 
2 0.01 4.0                 
2 0.01 3.5                 
2 0.01 3.0
3 3.0  6.0
3 2.5  6.0
3 2.0  6.0
3 1.5   6.0
3  1.0  6.0
2 0.1 6.0                  
2 0.1 2.0                  
2 0.1 1.5                  
2 0.1 5.0                  
2 0.1 4.0                  
2 0.1 3.5                  
2 0.1 3.0                  
